67871908000141
67870906000138
67863591000100
67858997000196
67851194000100
67847792000105
67831049000167
67828512000111
67824918000126
67819597000171
67813957000128
67813950000106
67812779000110
67811360000144
67795079000165
67785467000165
67775436000123
67757496000113
67753713000105
67752375000189
67746209000170
67743193000141
67740389000182
67730295000122
67726988000141
67726537000104
67709293000151
67709180000156
67706881000131
67705289000115
67689469000150
67688204000138
67687242000176
67684963000122
67681345000129
67673950000158
67667015000189
67662376000132
67662298000176
67659828000127
67644285000174
67611439000121
67591850000182
67586672000100
67585447000140
67581084000175
67579233000161
67568954000176
67568284000198
67567104000153
67560208000136
67559644000195
67559297000109
67555853000160
67549740000152
67544713000197
67543446000133
67533784000194
67529779000108
67529678000137
67516523000166
67515447000174
67514975000109
67510787000102
67501421000177
67499869000101
67499594000106
67311302000151
67298557000121
67294974000104
67290604000190
67284910000114
67276324000128
67272028000159
67267962000182
67265166000100
67251930000199
67231049000126
67216964000142
67146135000130
67128543000160
67128417000105
67125189000381
67125189000209
67125189000110
67123964000106
67115643000151
67113040000110
67108666000139
67095247000100
67092359000107
67091570000105
67083256000180
67061368000130
67057924000103
67045220000102
67042370000243
67042370000162
67018500000121
67011719000107
66999449000113
66988005000182
66987219000134
66986611000169
66985951000175
66975322000164
66972187000101
66966788000101
66962620000110
66958147000105
66937705000148
66933628000158
66931421000144
66929544000140
66924482000184
66910044000167
66907899000139
66906932000106
66883640000103
66878776000117
66859319000185
66854352000112
66837961000163
66837210000147
66823628000103
66800412000114
66798796000188
66773527000167
66769876000105
66769598000196
66764142000133
66763357000130
66752743000126
66735734000127
66732095000146
66721106000192
66713666000103
66713107000195
66689649000501
66689649000412
66689649000331
66689649000250
66689649000170
66686789000518
66686789000437
66686789000356
66686789000275
66686789000194
66679612000160
66654421000144
66645322000104
66643385000113
66643126000354
66643126000273
66643126000192
66636273000135
66626404000101
66619758000382
66619758000200
66619758000110
66600414000402
66600414000321
66600414000240
66600414000160
66588830000190
66585690000104
66585156000190
66584142000151
66582837000102
66581592000190
66574469000142
66552758000140
66547215000135
66545056000130
66540140000160
66510370000187
66500470000475
66500470000394
66500470000203
66500470000122
66489189000136
66462234000169
66430154000121
66428683000190
66423661000138
66418164000141
66407625000180
66387805000148
66386849000153
66385497000545
66385497000464
66385497000383
66385497000200
66385497000111
66379586000155
66334041000122
66330867000113
66318344000232
66318344000151
66310703000124
66308991000697
66308991000506
66308991000425
66308991000344
66308991000263
66308991000182
66305029000190
66303350000135
66298489000138
66297137000168
66295077000144
66287371000104
66281624000132
66281233000207
66281233000118
66274680000140
66273361000462
66273361000381
66273361000209
66273361000110
66269173000380
66269173000207
66269173000118
66268704000158
66259431000185
66250353000310
66250353000239
66250353000158
66249598000165
66232738000192
66232148000160
66229718000162
66229520000189
66228386000100
66198416000174
66198366000125
66172398000151
66165193000149
66163949000382
66163949000200
66163949000110
66146163000195
66138825000185
66137401000104
66133170000152
66125960000196
66116448000183
66114408000100
66109594000181
66095404000114
66092430000199
66084399000144
66083157000136
66060444000120
66050409000120
66036273000102
66013337000141
66003949000315
66003949000234
66003949000153
65997328000170
65997229000350
65997229000279
65997229000198
65990625000193
65989572000190
65986858000112
65982998000112
65973766000440
65973766000360
65973766000289
65973766000106
65959897000120
65951255000185
65942326000183
65940362000108
65940218000171
65940103000187
65935815000108
65928902000138
65927099000460
65927099000389
65927099000206
65927099000117
65920437000199
65919440000192
65915529000180
65906626000107
65904224000416
65904224000335
65904224000254
65904224000173
65899511000132
65899026000401
65899026000320
65899026000240
65899026000169
65898855000127
65879513000160
65875736000159
65817178000175
65807673000101
65794814000190
65789481000101
65786663000129
65782719000177
65780040000300
65780040000220
65780040000149
65758689000163
65751635000176
65751586000171
65751305000180
65750706000116
65740013000142
65726091000192
65715206000143
65702991000108
65696465000174
65671342000189
65662684000132
65660845000230
65660845000159
65655449000133
65650826000141
65648273000192
65644615000104
65640777000166
65640098000197
65627981000147
65627971000101
65623665000105
65621981000130
65614868000127
65613071000105
65609634000191
65609520000141
65582211000125
65559142000139
65554630000153
65539020000180
65526778000184
65524807000179
65512664000347
65512664000266
65512664000185
65508066000485
65508066000302
65508066000213
65508066000132
65486446000113
65442961000100
65440990000124
65428332000117
65427978000180
65427711000192
65427640000128
65423545000156
65421871000205
65421871000124
65421508000109
65417044000167
65407820000148
65402865000120
65383412000101
65360820000130
65351783000101
65339035000103
65331560000174
65327014000160
65324156000505
65324156000416
65324156000335
65324156000254
65324156000173
65320480000113
65320118000142
65313919000180
65300650000106
65295265000100
65292043000214
65292043000133
65283367000377
65283367000296
65283367000105
65270805000109
65268787000112
65235607000368
65235607000287
65235607000104
65203672000140
65201265000101
65195393000181
65180159000180
65175889000355
65175889000274
65175889000193
65175800000350
65175800000270
65175800000199
65140191000132
65120817000149
65118412000176
65111293000120
65098103000181
65094917000148
65091785000109
65082375000193
65081298000157
65078070000108
65077236000171
65074632000145
65072940000131
65070586000106
65065710000145
65065521000172
65056288000161
65045249000320
65045249000240
65045249000169
65042890000573
65042890000492
65042890000301
65042890000220
65042890000140
65026752000177
65026095000168
65025705000109
65021738000504
65021738000423
65021738000342
65021738000261
65021738000180
65018080000310
65018080000239
65018080000158
64987602000400
64987602000329
64987602000248
64987602000167
64987529000123
64981692000189
64979398000132
64976824000184
64975430000101
64951876000104
64947884000179
64934001000196
64933405000165
64929553000378
64929553000297
64929553000106
64928044000401
64928044000320
64928044000240
64928044000169
64922611000170
64920349000396
64920349000205
64920349000124
64916058000162
64915776000114
64901870000114
64896180000114
64896121000146
64895910000243
64895910000162
64869797000140
64856455000196
64853636000169
64847750000186
64844844000100
64814641000162
64813806000181
64799524000177
64798014000185
64794758000121
64793851000111
64788251000165
64788244000163
64782280000110
64782008000130
64774079000190
64766335000106
64763168000131
64754835000110
64743954000410
64743954000339
64743954000258
64743954000177
64740013000180
64734355000510
64734355000430
64734355000359
64734355000278
64734355000197
64729863000187
64728833000156
64728443000186
64716326000445
64716326000364
64716326000283
64716326000100
64716039000192
64713694000197
64686657000137
64686573000101
64686373000140
64665330000189
64650660000109
64639659000175
64636850000163
64633551000175
64629297000131
64625968000196
64620096000173
64613228000130
64611009000111
64601907000199
64600656000128
64597881000152
64594723000149
64593703000587
64593703000404
64593703000315
64593703000234
64593703000153
64585504000101
64580560000145
64578889000171
64548719000144
64546929000101
64538304000190
64529955000113
64509570000437
64509570000356
64509570000275
64509570000194
64503561000196
64499931000169
64498676000130
64497706000193
64496390000115
64484494000100
64465316000131
64465259000190
64457224000100
64455064000160
64454494000167
64453315000410
64453315000339
64453315000258
64453315000177
64443170000123
64437743000530
64437743000459
64437743000378
64437743000297
64437743000106
64433110000120
64432965000489
64432965000306
64432965000217
64432965000136
64415817000103
64410505000107
64376709000179
64342762000159
64308926000121
64296105000112
64285056000112
64263936000198
64262209000106
64257767000183
64253912000310
64253912000239
64253912000158
64250561000121
64218888000469
64218888000388
64218888000205
64218888000116
64207876000196
64203089000338
64203089000257
64203089000176
64187532000162
64168612000332
64168612000251
64168612000170
64154369000131
64151858000130
64144361000194
64143759000106
64143629000173
64143137000188
64121170000107
64119347000130
64113437000467
64113437000386
64113437000203
64113437000114
64109195000195
64106288000166
64103671000160
64097212000111
64096972000104
64089387000187
64089292000163
64081031000105
64076050000305
64076050000216
64076050000135
64066109000538
64066109000457
64066109000376
64066109000295
64066109000104
64063672000129
64040210000196
64038941000105
64034651000185
64033040000112
64031372000400
64031372000320
64031372000249
64031372000168
64031020000102
64019448000130
64018537000161
64001825000103
63998341000118
63997826000197
63985917000536
63985917000455
63985917000374
63985917000293
63985917000102
63977984000185
63968917000102
63968318000180
63966656000183
63953918000175
63946702000182
63945180000102
63944506000179
63929761000142
63906413000150
63903204000152
63894032000106
63862790000134
63843685000158
63823494000124
63820991000179
63819144000437
63819144000356
63819144000275
63819144000194
63804826000123
63803705000167
63800412000126
63800089000190
63799892000152
63778158000107
63758472000128
63744144000334
63744144000253
63744144000172
63741662000132
63738735000307
63738735000218
63738735000137
63738543000554
63738543000473
63738543000392
63738543000201
63738543000120
63734126000371
63734126000290
63734126000100
63731684000111
63715821000124
63698458000186
63673649000193
63672362000149
63672032000153
63668225000130
63665076000156
63654593000120
63652926000181
63650920000175
63628038000123
63612827000176
63607300000153
63590403000158
63589554000196
63587081000198
63573914000161
63565251000133
63562096000100
63561446000105
63555483000100
63553111000307
63553111000226
63553111000145
63543986000166
63536597000103
63525332000100
63504094000156
63503307000125
63501874000142
63501672000109
63501127000376
63501127000295
63501127000104
63500949000170
63500784000137
63491614000133
63488350000169
63484172000106
63472160000153
63466335000110
63463726000180
63458500000191
63455493000174
63451846000168
63451755000122
63450227000159
63447534000180
63439055000112
63433662000175
63433234000142
63432187000112
63430488000107
63414087000163
63412923000413
63412923000332
63412923000251
63412923000170
63412335000137
63377785000306
63377785000217
63377785000136
63363110000138
63351981000131
63350790000155
63349936000142
63348103000329
63348103000248
63348103000167
63339572000110
63332660000190
63327331000584
63327331000401
63327331000312
63327331000231
63327331000150
63327289000178
63326220000120
63326182000105
63320018000190
63316932000168
63310273000152
63308748000338
63308748000257
63308748000176
63305423000130
63289684000103
63287822000115
63285391000409
63285391000310
63285391000239
63285391000158
63271510000113
63269536000127
63269479000186
63269254000472
63269254000391
63269254000200
63269254000120
63268857000379
63268857000298
63268857000107
63254961000142
63251305000196
63250360000161
63244919000140
63243343000105
63239932000101
63239186000156
63237166000146
63230937000173
63226436000113
63224583000154
63217592000460
63217592000380
63217592000207
63217592000118
63212171000102
63209974000108
63188435000121
63181423000507
63181423000418
63181423000337
63181423000256
63181423000175
63178731000141
63166531000330
63166531000250
63166531000179
63159547000154
63155777000145
63155494000101
63155119000153
63137547000153
63133699000188
63126931000150
63117560000140
63108223000197
63104653000130
63103525000172
63091424000129
63088609000184
63081470000147
63074887000182
63063884000496
63063884000305
63063884000224
63063884000143
63059955000304
63059955000215
63059955000134
63052848000184
63051586000133
63051112000191
63031225000125
63023694000283
63023694000100
63014300000140
63013986000405
63013986000316
63013986000235
63013986000154
63007924000130
63006483000151
63004757000173
63004652000114
62992100000360
62992100000280
62992100000107
62965912000155
62960898000105
62960742000116
62957984000150
62950218000164
62939935000357
62939935000276
62939935000195
62935864000152
62924908000149
62922675000145
62921691000113
62910961000190
62909779000110
62902394000120
62899313000180
62892025000102
62889854000470
62889854000390
62889854000209
62889854000128
62882784000186
62880755000185
62879876000450
62879876000379
62879876000298
62879876000107
62872691000170
62862711000122
62860031000170
62859808000186
62856683000130
62854513000117
62853476000122
62850414000167
62850279000150
62850220000323
62850220000242
62850220000161
62848546000154
62847273000123
62831804000190
62802987000115
62801142000105
62797830000491
62797830000300
62797830000220
62797830000149
62791299000105
62790998000122
62782869000354
62782869000273
62782869000192
62779555000130
62779083000116
62770124000103
62766764000220
62766764000140
62751568000100
62740304000142
62740193000174
62740026000123
62738854000127
62738662000110
62738095000364
62738095000283
62738095000100
62734650000118
62732069000400
62732069000329
62732069000248
62732069000167
62722167000113
62719387000279
62719387000198
62718723000188
62714892000140
62713254000104
62691298000180
62689110000160
62674504000144
62670932000107
62670521000103
62670306000102
62658487000151
62647522000137
62644757000175
62643602000114
62633865000142
62627998000106
62626774000341
62626774000260
62626774000180
62615768000399
62615768000208
62615768000127
62590279000168
62588617000550
62588617000470
62588617000399
62588617000208
62588617000127
62582873000107
62578660000101
62571770000141
62567274000114
62566876000157
62565798000176
62550773000107
62545669000116
62540722000196
62522168000114
62515288000194
62513297000146
62512818000140
62505444000136
62489321000159
62468405000459
62468405000378
62468405000297
62468405000106
62410056000171
62399062000175
62378678000160
62370786000196
62360464000166
62355760000179
62351092000101
62350928000153
62344609000135
62342638000168
62333049000113
62331645000164
62328800000193
62311670000348
62311670000267
62311670000186
62310363000180
62309766000100
62292662000130
62291006000112
62288300000175
62280897000101
62279059000118
62275810000108
62269564000181
62268358000157
62257056000183
62248340000193
62247239000118
62242392000152
62241612000123
62240802000126
62236949000142
62236414000171
62226486000138
62226251000146
62220831000126
62214213000416
62214213000335
62214213000254
62214213000173
62203398000110
62185854000147
62183651000111
62180987000201
62180987000120
62178720000107
62177420000103
62177268000150
62170638000390
62170638000209
62170638000128
62167658000140
62162440000100
62161150000134
62156746000146
62142966000110
62138606000145
62126470000153
62123797000171
62121705000114
62114671000130
62097271000164
62095247000196
62083769000178
62082800000156
62078818000184
62077503000112
62075959000143
62071380000102
62071321000134
62071180000664
62071180000583
62071180000400
62071180000311
62071180000230
62071180000150
62071106000133
62070924000111
62063186000185
62058941000133
62057669000177
62052292000163
62034743000130
62009247000126
61999667000134
61990985000134
61990205000407
61990205000318
61990205000237
61990205000156
61972166000164
61964922000456
61964922000375
61964922000294
61964922000103
61962166000183
61961945000164
61949016000130
61947746000100
61929636000107
61920230000163
61917600000103
61916601000133
61915434000106
61909459000105
61901803000101
61901447000126
61900963000136
61870672000142
61870244000110
61861729000147
61854090000172
61853589000165
61851099000472
61851099000391
61851099000200
61851099000120
61832699000140
61830138000102
61828509000383
61828509000200
61828509000111
61809179000460
61809179000389
61809179000206
61809179000117
61800309000150
61800255000123
61799347000130
61790685000101
61789401000167
61789082000432
61789082000351
61789082000270
61789082000190
61786049000106
61781265000169
61777571000121
61748242000152
61745870000184
61745244000198
61731211000199
61724147000119
61700768000162
61695526000128
61689968000161
61688532000409
61688532000310
61688532000239
61688532000158
61684720000108
61681726000121
61678797000337
61678797000256
61678797000175
61676591000106
61675871000442
61675871000361
61675871000280
61675871000108
61651067000180
61648821000123
61646042000199
61624871000170
61619023000173
61617008000196
61602468000140
61595692000152
61593089000131
61590401000133
61586147000108
61574193000260
61574193000189
61570723000110
61570165000193
61569921000164
61565000000204
61565000000123
61554995000127
61549923000191
61542423000128
61538026000182
61522309000136
61515641000173
61507978000562
61507978000481
61507978000309
61507978000210
61507978000139
61505605000129
61487869000288
61487869000105
61483819000141
61481457000150
61471176000116
61470909000106
61467416000370
61467416000290
61467416000109
61462546000159
61460926000154
61443333000180
61441603000466
61441603000385
61441603000202
61441603000113
61434484000171
61431757000124
61431741000111
61431717000182
61424020000184
61412448000107
61404834000157
61403144000183
61386753000171
61386638000105
61372056000161
61370907000137
61364190000110
61362218000423
61362218000342
61362218000261
61362218000180
61362016000139
61357503000375
61357503000294
61357503000103
61357128000100
61354992000140
61354417000147
61353996000103
61352957000191
61326049000123
61325261000176
61323810000173
61321644000176
61320219000162
61304470000133
61297830000117
61297451000127
61297078000104
61296931000173
61286481000138
61284910000138
61279877000409
61279877000310
61279877000239
61279877000158
61272077000105
61271308000409
61271308000328
61271308000247
61271308000166
61266471000130
61260138000114
61260092000133
61256934000426
61256934000345
61256934000264
61256934000183
61252104000188
61246990000137
61246663000185
61244565000109
61242747000140
61237121000146
61227169000173
61226655000339
61226655000258
61226655000177
61216466000113
61202240000163
61193347000192
61189074000102
61188964000108
61178412000100
61170745000193
61167488000130
61166182000160
61153768000190
61152125000121
61147198000125
61137349000164
61137211000165
61099943000108
61085322000175
61083467000137
61081481000100
61078018000109
61077778000274
61077778000193
61060078000196
61052967000101
61047186000129
61047100000168
61041759000107
61041089000390
61041089000200
61041089000129
61039742000115
61025902000177
61020643000191
61015268000191
61005637000165
60997588000121
60973053000110
60972737000106
60972194000119
60969117000100
60968891000104
60962368000162
60952953000181
60951009000100
60931278000104
60913588000104
60910266000101
60905393000104
60895787000129
60885737000160
60860078000108
60857972000129
60840587000250
60840587000179
60838312000109
60836828000106
60819924000146
60818972000110
60818055000135
60816929000115
60813512000107
60810023000193
60799999000102
60799809000157
60793410000169
60780671000144
60760541000140
60759251000186
60758841000194
60757936000193
60753657000151
60747626000198
60735482000150
60728886000116
60708582000197
60706059000121
60696682000140
60689433000390
60689433000209
60689433000128
60688456000118
60678129000185
60676318000119
60669964000159
60661232000112
60621930000194
60616691000184
60599317000118
60597566000174
60582253000142
60571545000180
60549446000100
60545265000105
60539618000156
60532662000134
60520445000124
60508323000112
60505291000100
60503714000497
60503714000306
60503714000225
60503714000144
60500266000125
60496614000138
60482880000101
60481361000129
60477218000163
60457746000312
60457746000231
60457746000150
60450338000177
60448292000151
60443097000139
60442251000409
60442251000310
60442251000239
60442251000158
60441117000132
60439996000168
60433830000134
60428833000180
60421380000593
60421380000402
60421380000321
60421380000240
60421380000160
60419626000169
60414131000147
60395298000108
60392325000199
60390433000122
60365864000139
60363532000115
60363438000166
60361929000178
60361867000447
60361867000366
60361867000285
60361867000102
60361259000432
60361259000351
60361259000270
60361259000190
60360752000438
60360752000357
60360752000276
60360752000195
60359745000173
60332093000183
60318718000152
60307523000450
60307523000379
60307523000298
60307523000107
60306690000133
60291444000317
60291444000236
60291444000155
60287889000161
60281394000125
60276281000131
60258872000186
60250640000181
60248722000191
60247858000187
60242010000165
60239816000102
60228796000247
60228796000166
60227982000261
60227982000180
60208333000132
60184873000123
60184667000113
60184248000181
60184131000106
60167904000138
60165277000104
60137840000122
60137587000107
60136902000181
60136716000142
60133010000127
60127825000101
60127758000117
60126735000198
60125858000104
60122162000124
60116812000129
60116203000170
60114331000184
60114025000148
60097981000169
60095089000149
60094543000147
60076116000136
60071687000420
60071687000340
60071687000269
60071687000188
60067837000180
60062117000121
60055619000125
60052567000303
60052567000214
60052567000133
60051520000155
60048488000159
60048363000129
60026178000486
60026178000303
60026178000214
60026178000133
60016170000196
60008702000143
59995057000382
59995057000200
59995057000110
59985172000104
59976818000197
59974195000385
59974195000202
59974195000113
59958509000194
59953750000120
59950115000190
59946055000131
59941631000158
59936927000180
59935554000123
59932274000161
59910657000139
59909214000390
59909214000209
59909214000128
59903079000103
59892527000382
59892527000200
59892527000110
59891172000145
59878335000150
59865651000197
59855813000106
59839593000127
59823498000135
59815186000341
59815186000260
59815186000180
59810511000111
59803074000109
59780073000196
59765551000199
59763199000152
59762792000184
59759903000101
59755529000168
59752959000126
59721976000104
59710801000193
59709583000177
59707839000107
59694811000182
59691530000176
59685075000104
59677691000105
59673223000162
59665360000155
59661123000116
59656935000173
59651566000398
59651566000207
59651566000126
59647598000158
59642357000469
59642357000388
59642357000205
59642357000116
59641099000153
59638814000107
59615854000125
59601734000330
59601734000250
59601734000179
59600293000190
59584968000155
59570741000150
59570528000149
59567745000341
59567745000260
59567745000180
59567530000169
59553411000157
59545071000112
59535395000170
59524948000270
59524948000199
59520772000105
59475984000100
59470604000144
59469422000153
59443313000167
59441959000105
59434624000160
59425337000193
59422552000130
59422047000196
59403692000161
59397276000106
59396207000170
59394591000171
59383451000106
59378233000175
59375334000435
59375334000354
59375334000273
59375334000192
59373663000102
59360145000146
59355739000169
59346223000158
59342318000101
59342043000106
59330467000495
59330467000304
59330467000223
59330467000142
59318641000131
59297893000121
59276498000162
59271103000139
59266324000461
59266324000380
59266324000208
59266324000119
59263493000103
59251016000110
59250678000337
59250678000256
59250678000175
59250192000307
59250192000218
59250192000137
59248743000128
59246853000150
59215861000130
59214540000382
59214540000200
59214540000110
59212383000104
59205166000197
59188873000112
59170942000160
59159406000164
59158994000111
59146922000154
59145549000117
59145154000114
59126909000133
59115570000170
59107881000197
59107486000104
59106414000142
59105561000106
59097894000122
59097817000172
59083699000143
59081186000365
59081186000284
59081186000101
59080147000181
59073891000310
59073891000230
59073891000159
59067461000124
59062789000158
59062181000476
59062181000395
59062181000204
59062181000123
59059825000396
59059825000205
59059825000124
59055881000190
59036289000141
59030743000157
59027515000128
59025014000102
59002631000192
59000815000113
58999931000125
58995625000110
58990559000196
58975817000165
58974236000109
58971792000121
58949537000182
58940224000406
58940224000325
58940224000244
58940224000163
58938057000620
58938057000540
58938057000469
58938057000388
58938057000205
58938057000116
58936020000159
58930946000137
58930144000208
58930144000127
58925705000108
58924737000180
58922854000105
58922827000302
58922827000213
58922827000132
58917380000103
58916763000167
58914249000192
58906684000175
58892569000199
58884566000103
58882577000154
58876281000392
58876281000201
58876281000120
58849801000106
58848963000120
58847214000188
58846879000177
58842851000161
58820916000178
58817604000105
58774194000162
58751225000160
58742384000106
58737130000191
58729884000108
58725455000588
58725455000405
58725455000316
58725455000235
58725455000154
58713536000134
58713505000183
58694220000142
58633877000108
58624575000165
58611017000165
58608442000103
58599897000100
58593844000505
58593844000416
58593844000335
58593844000254
58593844000173
58587193000109
58585895000153
58580680000492
58580680000301
58580680000220
58580680000140
58579276000156
58578692000210
58578692000130
58568357000665
58568357000584
58568357000401
58568357000312
58568357000231
58568357000150
58565724000162
58561228000130
58560555000178
58555437000171
58554613000150
58548361000157
58547611000134
58546641000550
58546641000479
58546641000398
58546641000207
58546641000126
58546207000146
58545281000148
58525786000140
58514245000117
58512437000194
58505307000124
58502834000185
58491047000185
58472995000173
58461598000104
58460391000107
58457783000117
58456903000323
58456903000242
58456903000161
58455852000153
58455039000183
58453243000165
58447054000180
58444140000139
58439755000177
58436608000143
58424270000371
58424270000290
58424270000100
58421545000151
58419675000150
58415404000126
58413251000188
58411589000109
58404852000558
58404852000477
58404852000396
58404852000205
58404852000124
58398735000448
58398735000367
58398735000286
58398735000103
58395064000119
58392455000180
58376189000444
58376189000363
58376189000282
58376189000100
58374742000167
58370253000137
58370055000335
58370055000254
58370055000173
58370005000196
58364133000127
58356661000134
58355415000168
58354265000178
58353529000179
58349924000188
58345680000165
58340828000179
58339430000112
58339290000182
58339010000136
58332889000194
58321650000380
58321650000208
58321650000119
58303560000103
58301390000110
58283205000101
58280810000129
58280094000180
58278079000105
58268581000127
58267193000121
58262830000177
58259081000129
58254609000177
58253240000188
58246845000141
58223018000132
58215291000115
58210712000115
58208948000117
58208916000111
58190294000141
58178436000155
58175657000170
58155148000185
58152740000395
58152740000204
58152740000123
58149874000195
58148804000112
58147328000115
58141112000142
58141083000461
58141083000380
58141083000208
58141083000119
58131511000122
58128558000137
58114288000105
58111848000178
58110935000100
58103310000111
58094522000180
58088750000147
58087274000140
58086713000361
58086713000280
58086713000108
58084636000149
58080225000185
58076127000174
58074342000136
58070567000114
58067086000150
58057752000179
58057361000154
58057261000128
58056496000103
58053014000153
58039713000149
58038215000181
58035732000105
58030876000160
58027719000104
58025965000119
58021219000157
58019394000100
58017946000140
58017391000137
58016709000165
58012274000423
58012274000342
58012274000261
58012274000180
57996447000422
57996447000341
57996447000260
57996447000180
57993671000460
57993671000380
57993671000207
57993671000118
57972802000180
57971043000131
57965242000137
57961661000109
57958138000115
57939402000173
57938107000100
57934105000135
57925225000176
57924138000102
57922547000161
57922374000181
57922329000127
57920339000123
57917365000100
57915120000136
57914716000111
57912718000171
57909975000154
57908768000185
57902435000149
57902347000147
57899814000470
57899814000399
57899814000208
57899814000127
57897276000484
57897276000301
57897276000212
57897276000131
57886521000105
57881655000214
57881655000133
57876923000129
57847397000179
57846282000321
57846282000240
57846282000160
57844885000122
57842450000149
57827987000130
57810714000182
57810642000173
57807535000196
57804078000186
57801517000105
57795314000145
57791344000183
57789824000100
57778510000101
57777254000138
57775288000193
57773394000138
57768877000144
57764758000113
57742865000140
57729028000181
57725362000167
57714662000140
57711600000185
57707477000129
57697983000184
57690252000107
57684161000169
57682691000178
57679459000180
57674697000101
57664044000133
57661676000143
57660264000199
57657469000115
57654554000120
57644245000179
57637536000482
57637536000300
57637536000210
57637536000130
57637085000130
57635935000161
57634764000156
57633525000424
57633525000343
57633525000262
57633525000181
57628983000122
57626346000460
57626346000389
57626346000206
57626346000117
57611514000109
57611280000191
57596463000185
57581066000130
57579700000442
57579700000361
57579700000280
57579700000108
57559509000196
57553627000197
57550074000119
57548294000108
57547619000138
57545251000179
57542312000144
57540705000119
57536606000163
57528835000136
57527466000167
57515449000100
57512304000317
57512304000236
57512304000155
57509031000270
57509031000190
57498893000164
57496530000190
57493158000168
57491921000111
57491684000350
57491684000270
57491684000199
57484401000181
57474578000105
57474042000181
57465473000181
57460061000159
57456880000122
57442760000176
57440826000199
57438501000171
57429448000142
57425467000109
57423385000540
57423385000460
57423385000389
57423385000206
57423385000117
57416906000109
57414860000270
57414860000199
57414791000113
57413265000139
57407269000104
57407195000106
57406087000119
57392370000139
57390904000198
57388534000154
57368068000145
57357669000152
57350088000199
57350079000106
57341560000127
57341360000174
57334316000137
57319869000110
57317550000156
57316522000114
57316107000160
57315676000191
57301987000100
57296582000112
57295054000149
57282067000183
57281588000116
57281092000142
57279810000146
57274266000140
57273890000122
57266471000163
57261693000193
57261035000100
57254915000140
57245916000129
57244791000112
57238903000122
57237030000133
57230372000121
57230142000162
57229292000156
57219639000180
57219432000105
57211242000141
57208684000139
57205160000194
57188937000150
57187967000141
57176015000122
57164448000168
57164008000100
57154018000165
57153159000163
57146726000154
57145357000428
57145357000347
57145357000266
57145357000185
57131103000108
57125469000174
57124991000131
57121453000193
57121192000101
57121038000130
57092610000180
57088316000102
57082183000159
57081080000174
57079810000100
57074431000110
57068521000106
57065288000108
57065009000106
57063629000106
57051287000104
57047491000143
57045563000113
57043498000359
57043498000278
57043498000197
57036813000159
57034742000155
57033008000171
57031548000116
57031055000186
57029123000172
57027084000174
57026120000185
57021881000144
57016847000424
57016847000343
57016847000262
57016847000181
57011497000160
57009576000137
57008303000178
56972677000308
56972677000227
56972677000146
56972044000138
56970227000114
56969202000109
56957329000108
56942104000170
56931692000146
56928015000179
56921019000125
56911617000466
56911617000385
56911617000202
56911617000113
56904983000145
56902553000194
56881080000196
56878485000175
56875001000134
56874096000171
56823745000105
56781568000141
56776968000169
56689363000130
56684663000127
56638561000175
56615814000195
56607008000175
56481258000101
56442896000113
56427035000166
56423491000138
56419715000138
56392247000317
56392247000236
56392247000155
56386186000113
56384037000115
56342614000106
56339053000196
56285123000170
56259709000160
56259188000141
56259031000116
56258731000196
56209824000120
56190791000114
56186939000147
56182927000144
56182331000144
56175480000186
56171858000173
56167993000145
56157843000150
56152049000114
56151083000174
56148549000182
56147364000153
56145621000118
56137742000118
56135997000141
56130454000131
56129219000140
56128666000184
56127003000145
56126557000128
56125789000161
56124388000197
56105996000154
56105064000101
56104427000194
56102264000100
56102110000119
56097510000183
56086610000104
56084348000169
56078811000160
56077930000360
56077930000289
56077930000106
56067288000176
56056222000180
56049600000107
56042465000160
56038504000155
56033876000199
56027185000182
56024072000123
56021432000133
56018520000186
55980990000163
55978582000177
55972360000147
55966515000132
55947795000131
55944985000103
55931997000438
55931997000357
55931997000276
55931997000195
55926623000181
55907165000133
55905635000120
55903721000101
55901406000137
55888635000169
55886205000108
55885716000105
55881942000118
55881423000150
55877576000123
55876170000126
55874761000164
55874394000107
55872270000184
55850477000158
55850070000120
55839895000144
55836499000163
55836372000144
55819271000165
55815265000130
55814728000149
55804005000169
55798453000105
55798232000129
55788416000108
55786611000107
55784647000143
55784630000196
55783317000133
55766100000468
55766100000387
55766100000204
55766100000115
55763746000149
55760184000180
55758851000190
55751645000158
55751080000451
55751080000370
55751080000290
55751080000109
55746175000134
55745342000122
55744186000185
55742170000303
55742170000214
55742170000133
55739736000178
55738898000191
55726074000100
55725569000106
55725155000187
55724671000197
55723884000102
55723554000109
55717181000163
55695558000120
55691792000180
55685692000140
55684816000335
55684816000254
55684816000173
55682964000159
55675837000122
55672549000114
55666255000180
55664774000109
55661842000186
55661316000116
55656097000420
55656097000349
55656097000268
55656097000187
55654892000136
55648129000100
55633719000151
55633149000108
55630264000110
55628560000187
55624557000195
55622654000149
55615482000186
55610978000167
55609508000183
55608099000109
55600495000181
55597451000573
55597451000492
55597451000301
55597451000220
55597451000140
55597288000115
55596625000230
55596625000150
55594593000153
55588344000155
55582339000135
55580720000165
55570235000100
55568820000176
55553977000128
55550440000104
55525236000133
55523800000260
55523800000189
55518618000130
55512790000186
55512533000306
55512533000225
55512533000144
55510748000126
55493296000383
55493296000200
55493296000111
55486958000126
55484037000124
55483274000170
55483088000484
55483088000301
55483088000212
55483088000131
55482773000143
55481929000171
55476841000161
55442153000180
55438922000177
55434784000158
55412473000198
55409380000104
55401070000143
55399216000244
55397906000183
55387905000158
55381670000197
55361065000154
55360105000305
55360105000224
55360105000143
55332801000146
55326504000198
55322891000194
55306854000192
55306741000430
55306741000359
55306741000278
55306741000197
55299219000125
55295859000167
55292269000180
55286943000114
55284858000117
55275216000151
55267965000137
55259137000157
55251849000120
55248894000125
55248385000100
55245926000139
55243808000191
55230103000130
55222869000172
55222664000197
55211616000101
55211446000157
55208336000136
55207983000123
55195790000108
55192251000107
55191600000176
55190834000441
55190834000360
55190834000280
55190834000107
55190552000100
55188757000142
55188655000127
55174645000485
55174645000302
55174645000213
55174645000132
55173305000197
55170738000199
55170392000129
55168055000105
55166160000105
55164901000100
55154139000181
55153769000131
55150614000141
55141714000101
55138450000137
55136647000307
55136647000218
55136647000137
55132378000130
55118278000400
55118278000311
55118278000230
55118278000150
55117744000182
55115020000108
55098564000109
55083308000130
55081702000139
55078154000198
55065153000109
55064138000146
55044373000156
55032562000109
55028577000101
55017408000168
55016013000140
55011392000186
55007139000159
54988087000186
54984718000199
54983962000137
54977584000189
54977330000160
54968959000144
54964692000117
54957505000178
54931775000100
54926349000188
54921833000114
54903965000113
54883436000286
54883436000103
54881928000151
54881709000172
54881119000140
54867529000136
54863874000100
54862973000169
54861499000150
54861450000106
54853092000181
54844978000169
54843787000182
54834185000169
54832023000191
54828536000129
54826143000186
54813971000422
54813971000341
54813971000260
54813971000180
54805812000133
54805503000163
54803060000171
54803047000112
54801646000105
54797827000105
54784890000107
54783754000194
54782427000118
54774094000185
54764433000142
54763449000130
54761205000119
54755406000375
54755406000294
54755406000103
54748179000199
54747575000100
54743148000145
54713767000197
54712980000184
54711979000135
54705398000190
54691677000142
54687220000164
54685616000172
54677144000106
54652863000172
54650470000120
54647539000166
54645422000143
54638680000100
54636388000140
54633493000126
54632655000101
54631896000136
54630222000117
54621331000178
54619700000198
54619632000167
54614819000178
54609590000183
54609289000170
54592137000101
54591883000342
54591883000261
54591883000180
54589086000240
54589086000169
54588992000300
54588992000220
54588992000149
54585386000170
54584884000106
54581659000370
54581659000299
54581659000108
54566428000125
54561752000150
54558915000146
54554445000142
54544323000175
54542859000151
54539112000144
54517236000129
54514354000183
54513758000152
54511420000161
54509819000108
54504579000159
54503970000139
54500460000108
54493246000171
54492445000165
54486007000194
54484063000190
54482364000184
54478021000146
54474155000199
54473561000137
54472554000110
54472168000129
54464891000166
54457421000175
54454999000178
54443002000184
54438287000165
54429702000386
54429702000203
54429702000114
54414426000110
54405702000427
54405702000346
54405702000265
54405702000184
54398908000124
54375006000172
54371649000148
54365354000169
54361966000183
54339311000370
54339311000290
54339311000109
54329884000151
54329391000111
54328056000107
54326159000120
54326106000109
54325882000194
54304436000101
54303930000496
54303930000305
54303930000224
54303930000143
54294381000198
54294158000140
54288598000195
54286995000390
54286995000209
54286995000128
54286857000149
54286110000190
54285633000465
54285633000384
54285633000201
54285633000112
54273736000162
54272384000120
54272328000196
54271763000104
54265952000166
54248979000140
54246386000145
54245274000170
54244419000118
54244289000113
54243666000108
54242858000191
54234755000180
54232864000168
54219055000116
54217304000134
54207760000101
54189542000183
54188737000109
54187184000170
54172662000410
54172662000330
54172662000259
54172662000178
54151460000140
54131664000119
54126702000145
54122377000142
54109698000107
54109371000135
54108944000106
54108127000158
54107087000120
54106924000104
54104729000137
54104653000140
54103226000147
54100353000192
54100299000185
54095935000128
54087602000157
54085668000108
54083121000173
54075408000151
54069268000109
54060722000160
54059237000177
54040257000104
54035666000104
54035582000170
54022343000186
54016744000123
54011217000126
54006488000193
54001333000164
54000820000102
53997739000186
53982192000145
53981974000240
53981974000160
53981688000102
53979885000189
53979655000110
53977903000193
53977536000128
53963516000440
53963516000360
53963516000289
53963516000106
53962278000106
53957271000104
53934771000112
53933012000135
53923068000109
53908261000170
53905850000103
53885469000111
53885374000106
53870471000117
53869978000150
53864613000133
53855939000102
53833449000105
53831804000107
53830064000186
53801707000163
53800570000475
53800570000394
53800570000203
53800570000122
53800398000107
53800370000170
53795216000157
53781179000128
53780324000156
53774611000153
53772136000186
53759335000154
53757660000188
53757645000130
53756690000170
53729926000189
53700311000120
53689787000107
53689398000181
53677160000136
53674577000145
53668766000105
53668168000136
53653649000178
53648993000500
53648993000411
53648993000330
53648993000250
53648993000179
53633369000106
53614472000109
53614201000145
53611022000154
53608484000112
53596566000194
53594700000118
53593938000129
53591936000109
53578361000186
53572132000154
53569055000183
53568052000125
53561662000105
53550267000119
53536862000108
53535984000171
53529354000194
53517853000161
53512788000181
53503374000196
53503288000183
53482529000155
53479926000178
53475660000195
53475621000430
53475621000350
53475621000279
53475621000198
53473164000100
53461580000180
53457911000109
53457848000100
53455175000150
53446608000100
53446469000115
53445129000170
53437643000325
53437643000244
53437643000163
53426325000105
53423840000123
53423550000180
53414957000140
53411116000180
53401024000461
53401024000380
53401024000208
53401024000119
53383281000175
53364172000100
53357663000124
53344499000110
53338279000184
53324138000102
53321491000139
53318338000152
53311413000153
53311233000171
53309257000277
53309257000196
53309090000163
53304295000156
53302529000126
53302389000196
53290210000128
53286921000129
53286622000194
53284611000256
53284611000175
53284379000175
53283823000138
53282740000124
53281369000186
53280099000199
53272937000182
53270553000120
53269096000154
53268963000137
53268222000156
53262972000110
53261737000124
53250511000128
53248862000102
53246736000100
53242243000445
53242243000364
53242243000283
53242243000100
53216432000109
53215095000127
53214957000369
53214957000288
53214957000105
53211691000139
53210228000172
53206085000125
53204330000165
53203321000150
53197838000183
53197128000153
53188556000462
53188556000381
53188556000209
53188556000110
53188388000162
53185907000139
53173863000127
53171588000455
53171588000374
53171588000293
53171588000102
53169982000106
53169910000169
53169707000192
53169630000150
53169319000292
53169319000101
53165639000193
53162668000100
53162005000187
53156448000165
53149161000108
53140045000209
53140045000128
53132698000165
53118893000130
53115569000169
53115448000117
53061232000116
53060280000351
53060280000270
53060280000190
53041834000101
53040311000140
53031030000121
53028812000101
53028405000102
53007689000304
53007689000223
53007689000142
52989578000116
52988814000180
52980329000160
52978126000139
52973835000121
52923450000150
52919094000109
52917213000186
52907108000166
52903858000160
52878244000175
52874972000109
52856902000128
52852946000180
52851541000127
52845925000137
52830736000190
52823181000150
52818155000133
52800581000140
52788565000189
52769402000159
52768057000139
52765902000112
52739263000110
52738985000150
52734899000170
52734511000130
52731447000134
52724452000110
52723017000170
52719661000175
52716624000103
52715041000168
52714873000240
52714873000160
52699872000193
52693425000127
52692494000116
52680598000100
52680307000184
52675583000154
52672652000176
52670470000166
52667165000115
52662626000167
52644282000163
52641277000105
52640926000145
52639120000137
52622274000116
52608420000159
52603696000144
52595045000150
52595023000190
52586511000130
52584504000108
52579590000152
52579223000159
52573659000130
52568818000109
52551433000139
52549593000143
52547631000129
52547444000145
52538500000185
52502240000198
52502053000104
52480715000192
52478205000180
52474765000329
52474765000248
52474765000167
52471371000155
52470645000191
52458661000320
52458661000240
52458661000169
52457623000191
52450943000110
52449632000130
52442807000188
52435241000167
52435012000142
52427339000415
52427339000334
52427339000253
52427339000172
52426334000125
52419794000126
52418192000154
52416346000179
52415029000138
52407529000128
52405811000176
52400923000134
52389637000549
52389637000468
52389637000387
52389637000204
52389637000115
52386716000172
52386648000141
52386421000104
52383894000140
52383316000103
52371795000490
52371795000300
52371795000229
52371795000148
52369992000122
52355389000191
52347752000208
52347752000127
52347607000146
52346383000158
52328256000398
52328256000207
52328256000126
52314760000410
52314760000339
52314760000258
52314760000177
52298378000117
52285136000199
52280053000107
52278315000107
52277684000177
52277286000150
52276236000159
52275438000186
52263473000185
52263401000138
52256499000104
52254725000100
52254263000120
52249395000164
52248450000100
52241654000100
52232432000121
52232202000162
52226183000161
52225100000381
52225100000209
52225100000110
52218223000123
52213849000147
52212403000106
52212165000120
52194779000127
52183972000162
52180931000112
52180425000123
52177217000175
52160360000154
52153474000177
52152533000192
52151991000107
52151555000138
52151457000362
52151457000281
52151457000109
52137079000109
52134062000190
52129107000138
52126767000165
52126415000100
52113663000116
52103833000181
52078018000100
52072623000173
52069554000149
52064459000152
52063115000129
52059397000190
52047694000116
52041710000163
52037770000102
52025973000189
52022269000172
52010938000196
52007042000158
51987690000155
51975747000104
51972843000190
51970500000197
51955705000101
51955171000105
51946349000151
51941018000129
51932224000172
51923229000139
51922950000104
51905136000505
51905136000424
51905136000343
51905136000262
51905136000181
51902163000109
51901989000145
51900073000170
51898735000115
51895218000192
51883498000119
51882213000125
51881945000109
51881516000123
51880842000116
51879111000150
51870760000190
51869898000170
51868476000180
51867940000113
51864547000176
51862700000126
51858060000180
51846450000130
51845928000108
51826499000121
51820518000102
51813481000195
51812827000130
51810405000126
51799199000109
51796098000176
51795867000111
51795364000146
51789420000130
51784769000189
51777200000196
51776364000280
51776364000107
51758440000496
51758440000305
51758440000224
51758440000143
51745428000102
51744955000194
51741923000135
51733760000300
51733760000220
51733760000149
51729543000185
51725821000126
51725568000100
51714276000172
51708825000104
51708242000175
51697207000106
51690439000124
51688025000160
51684301000112
51676373000118
51671606000351
51671606000270
51671606000190
51670093000100
51669148000154
51667282000116
51652561000106
51652496000119
51644389000149
51636471000121
51633518000101
51623954000191
51623426000132
51611354000103
51601857000106
51596548000187
51593535000154
51586507000100
51582181000142
51581333000192
51581042000102
51577890000130
51568562000177
51567262000173
51564271000100
51564157000180
51561748000102
51561647000123
51557442000174
51553327000121
51552528000104
51544298000131
51539219000102
51536790000165
51536323000135
51536211000184
51527191000185
51526681000167
51521692000154
51512020000182
51492126000161
51479445000137
51476227000149
51475942000167
51475100000105
51473021000246
51473021000165
51460838000107
51458494000193
51457399000175
51442792000195
51441336000120
51421263000105
51408265000164
51394854000130
51394421000185
51389392000163
51382843000130
51373718000164
51373703000104
51373141000190
51372799000188
51371530000187
51358152000100
51357926000170
51355548000195
51345707000170
51343772000167
51337039000130
51319767000119
51319621000173
51314159000111
51312220000191
51302582000100
51300425000157
51300043000123
51294959000118
51288057000179
51285704000199
51283692000163
51276237000130
51271494000180
51270776000162
51268414000137
51254510000126
51248389000120
51238069000199
51234505000151
51230204000150
51223941000397
51223941000206
51223941000125
51221720000118
51216683000150
51214313000183
51198678000161
51196961000405
51196961000316
51196961000235
51196961000154
51196256000157
51163969000114
51163957000190
51156766000109
51151615000150
51148632000138
51137592000129
51136546000105
51136464000160
51132924000182
51130980000188
51127649000109
51122305000107
51118781000154
51116468000187
51113514000194
51109583000124
51100773000180
51090760000178
51074092000195
51072964000429
51072964000348
51072964000267
51072964000186
51072620000177
51071310000138
51061340000163
51056233000147
51048756000141
51048446000470
51048446000399
51048446000208
51048446000127
51038113000117
51031930000143
51028072000188
51020804000193
51009888000164
51007261000417
51007261000336
51007261000255
51007261000174
51007125000184
50963780000143
50958071000170
50955542000196
50952003000101
50939858000275
50939858000194
50939681000126
50938179000109
50936877000167
50927833000332
50927833000251
50927833000170
50917233000121
50911755000116
50903785000180
50903743000140
50899709000149
50891863000174
50887910000106
50887640000486
50887640000303
50887640000214
50887640000133
50886347000151
50885406000339
50885406000258
50885406000177
50869168000106
50858445000185
50854148000404
50854148000323
50854148000242
50854148000161
50835429000177
50823428000102
50813230000148
50803596000136
50799293000197
50796884000100
50792457000154
50785802000122
50782015000127
50781419000104
50778955000142
50778647000117
50774825000131
50763488000420
50763488000349
50763488000268
50763488000187
50761563000170
50748546000101
50730248000186
50725869000171
50725442000173
50709746000147
50692511000190
50689920000137
50686241000104
50684392000123
50653331000107
50648836000175
50644326000120
50643316000170
50622193000190
50621371000320
50621371000240
50621371000169
50611936000127
50606237000199
50603142000111
50603023000169
50589440000102
50585570000169
50580805000472
50580805000391
50580805000200
50580805000120
50540508000150
50533601000138
50525176000135
50524948000114
50521474000157
50512290000120
50491118000138
50473405000115
50466061000117
50465604000181
50454658000141
50449071000144
50448198000149
50443064000135
50439196000193
50439195000149
50436668000154
50433273000106
50432805000182
50432486000105
50431826000183
50420148000153
50415057000120
50392458000101
50374391000182
50371739000340
50371739000269
50371739000188
50368888000198
50368052000193
50368009000128
50367869000309
50367869000228
50367869000147
50363666000182
50361529000109
50359282000358
50359282000277
50359282000196
50358888000107
50357790000135
50355803000137
50337072000105
50326318000135
50321774000192
50319252000156
50314991000155
50307806000103
50305230000137
50304968000180
50304612000146
50300818000106
50293972000190
50291874000113
50277335000120
50276515000197
50273979000140
50272985000182
50265342000101
50257779000101
50254403000135
50253789000160
50252697000166
50238463000326
50238463000245
50238463000164
50234714000132
50234237000105
50230304000113
50212928000108
50202538000157
50200862000136
50191723000193
50183387000137
50181440000160
50180078000103
50167789000148
50160853000169
50152650000120
50143472000171
50130872000142
50126387000448
50126387000367
50126387000286
50126387000103
50125938000378
50125938000297
50125938000106
50123555000107
50117337000151
50111340000168
50108178000129
50105822000105
50096059000101
50077886000140
50071016000163
50066972000157
50052445000193
50046776000110
50036305000121
50029109000120
50026741000110
50013797000130
50009485000152
49998244000102
49996264000136
49995997000156
49995799000192
49995453000194
49977290000117
49975628000100
49975482000194
49975100000122
49970292000184
49966191000130
49959090000131
49958524000260
49958524000189
49951479000211
49951479000130
49947943000387
49947943000204
49947943000115
49946905000148
49944332000113
49919747000137
49918737000187
49918555000106
49910464000124
49910400000123
49888430000180
49886313000188
49885384000166
49840613000126
49834787000186
49834360000188
49828725000161
49822431000122
49818488000158
49818261000102
49815332000113
49800650000100
49799074000129
49782248000140
49778843000102
49778674000100
49778307000107
49764899000108
49763920000150
49762482000106
49756870000184
49756614000197
49739625000169
49739530000145
49738416000109
49736248000104
49732330000160
49727458000136
49726465000113
49724691000165
49703522000149
49684302000115
49682864000120
49682515000108
49674744000180
49674037000194
49673048000150
49651363000186
49629554000141
49623847000111
49614097000111
49602989000283
49602989000100
49602893000134
49572069000189
49547734000184
49545406000149
49543865000355
49543865000274
49543865000193
49526848000148
49522547000146
49521824000368
49521824000287
49521824000104
49516118000166
49514065000144
49511143000157
49506294000117
49501058000108
49482159000189
49479192000150
49473941000131
49457082000197
49452518000155
49444172000143
49441471000124
49434454000321
49434454000240
49434454000160
49421998000197
49420497000196
49409182000148
49397130000107
49397077000136
49393890000138
49393524000189
49388070000158
49387768000159
49358225000103
49357170000117
49331253000137
49324537000104
49323858000186
49319185000190
49308249000158
49307116000167
49304724000118
49302579000136
49295337000162
49293383000122
49267839000180
49259494000112
49255293000147
49255009000132
49254227000152
49235433000115
49235306000116
49231986000108
49213008000125
49212751000160
49205184000115
49204331000132
49198535000108
49184932000120
49184923000130
49179626000104
49179529000103
49144000000154
49140066000338
49140066000257
49140066000176
49134087000189
49113718000183
49112810000129
49109007000305
49109007000216
49109007000135
49102013000160
49081539000101
49075631000169
49064627000103
49049756000114
49036417000101
49036219000130
49023975000124
49020684000182
49018058000151
49017843000432
49017843000351
49017843000270
49017843000190
49015989000368
49015989000287
49015989000104
48983029000167
48959751000166
48957876000157
48957202000152
48956589000122
48946592000165
48944673000126
48939460000106
48933921000133
48931149000110
48930875000119
48921737000173
48912368000152
48912264000148
48904827000156
48902360000105
48888786000151
48888543000113
48883786000169
48872703000136
48866970000109
48865087000196
48862022000197
48860827000100
48858584000329
48858584000248
48858584000167
48852474000198
48852202000198
48851566000404
48851566000315
48851566000234
48851566000153
48850448000120
48818332000104
48817028000142
48815524000167
48785812000116
48752203000160
48743677000146
48740331000194
48740007000176
48730879000153
48724474000374
48724474000293
48724474000102
48722937000105
48713959000109
48712164000178
48698472000196
48686428000166
48685939000163
48684044000104
48678167000132
48670543000142
48658409000126
48654267000129
48651559000108
48641759000180
48639425000171
48635335000102
48594908000105
48584753000118
48575853000188
48570210000141
48569828000191
48565460000193
48564114000190
48547412000172
48545467000143
48539166000107
48534394000194
48519610000122
48513293000137
48503333000321
48503333000240
48503333000160
48502791000346
48502791000265
48502791000184
48501806000190
48501652000136
48498684000120
48495809000168
48475203000160
48468434000147
48462069000163
48430332000132
48417584000121
48401598000157
48377278000109
48376777000181
48373956000165
48362679000195
48360318000100
48359110000170
48358275000128
48356843000313
48356843000232
48356843000151
48355821000177
48339806000135
48324080000167
48314228000425
48314228000344
48314228000263
48314228000182
48304639000197
48302609000141
48282978000110
48263865000177
48262237000177
48258973000151
48256930000137
48253871000143
48241477000195
48227109000192
48215203000121
48207651000183
48207601000287
48207601000104
48207524000184
48195864000132
48190388000167
48183335000119
48175877000140
48175865000115
48162633000122
48162355000103
48146981000106
48144719000122
48142518000196
48142361000107
48132802000181
48130535000103
48128660000189
48128493000338
48128493000257
48128493000176
48112807000576
48112807000495
48112807000304
48112807000223
48112807000142
48111783000379
48111783000298
48111783000107
48102936000150
48091027000163
48087771000194
48082108000105
48081907000159
48068322000107
48060155000140
48035578000100
48032554000105
48013128000469
48013128000388
48013128000205
48013128000116
48005512000177
47999619000115
47994161000101
47945395000240
47945395000169
47943538000101
47943348000186
47935629000197
47935005000170
47928785000120
47924680000101
47924390000150
47909624000190
47909401000122
47908154000140
47907409000150
47895295000175
47890204000109
47877948000193
47861662000110
47861609000119
47859833000176
47853117000181
47847452000177
47846812000116
47845708000107
47843052000193
47841488000143
47839843000140
47826347000151
47813284000107
47809828000310
47809828000230
47809828000159
47805521000180
47805167000193
47803803000148
47799052000133
47770606000170
47766361000107
47747698000177
47738611000103
47734147000179
47728534000100
47728329000137
47727499000105
47716928000130
47716800000177
47697509000107
47696223000107
47695030000123
47677126000169
47675500000197
47663572000467
47663572000386
47663572000114
47640884000102
47634521000164
47618949000113
47609670000173
47580941000105
47562139000192
47551579000144
47541912000134
47541668000100
47541130000103
47540536000163
47524920000172
47512808000111
47501868000481
47501868000309
47501868000210
47501868000139
47495953000131
47480284000124
47463350000158
47461513000163
47458742000129
47456029000146
47455614000121
47435997000176
47434841000413
47434841000332
47434841000251
47434841000170
47434765000101
47434730000164
47433472000100
47433416000167
47432508000122
47428539000100
47415004000102
47408746000100
47402106000185
47401555000109
47398935000131
47391976000104
47386967000117
47383114000121
47379614000190
47378946000230
47378946000150
47378738000150
47373719000131
47366680000125
47364825000159
47364812000180
47358686000150
47358682000172
47349271000110
47347727000103
47344758000100
47342537000101
47328964000127
47304632000102
47298816000107
47292625000138
47288221000170
47282012000110
47280617000171
47273577000130
47272750000186
47253476000106
47253309000157
47237871000197
47237329000134
47217550000120
47190936000196
47189812000190
47184753000168
47184233000155
47132532000146
47125523000128
47120566000110
47119519000319
47119519000238
47119519000157
47119247000195
47115505000165
47106783000156
47082942000120
47061673000115
47057244000174
47053971000163
47047118000139
47031908000126
47030157000123
47013157000115
47012255000138
47008899000152
46994211000198
46994150000169
46994088000105
46989717000109
46989606000100
46988074000189
46976568000143
46976081000160
46970490000150
46961647000342
46961647000261
46961647000180
46952864000104
46952666000140
46942083000139
46939871000176
46938915000143
46936326000398
46936326000207
46936326000126
46935597000167
46934420000146
46924819000146
46922311000109
46910202000171
46903387000197
46901276000141
46891034000114
46862383000108
46837987000102
46837756000190
46837542000114
46833065000119
46800944000144
46796679000178
46779885000170
46773269000101
46766766000182
46766562000141
46766354000142
46764534000195
46763745000103
46758205000131
46726395000105
46706465000163
46706391000165
46691070000134
46675919000186
46657036000143
46651761000104
46638825000137
46612872000101
46606947000141
46601598000175
46600884000469
46600884000388
46600884000205
46600884000116
46600438000101
46596230000166
46595055000192
46593288000156
46567507000122
46564618000185
46529516000129
46483651000180
46483648000167
46483627000303
46483627000222
46483627000141
46472233000198
46465276000146
46460511000197
46459567000121
46456903000182
46444682000122
46441778000137
46436987000192
46429198000124
46427067000108
46340536000157
46335920000161
46335805000197
46335621000127
46313724000196
46311927000143
46291599000160
46290933000161
46258020000168
46256878000193
46249193000110
46241918000123
46234747000105
46220415000171
46205133000103
46200554000486
46200554000303
46200554000214
46200554000133
46200319000161
46200229000170
46197855000155
46185613000141
46180239000191
46172200000122
46157458000150
46149067000193
46141704000185
46140255000150
46106268000103
46100449000122
46098955000124
46087877000162
46087792000265
46087792000184
46087711000146
46080849000113
46080364000120
46073676000106
46025597000120
45964857000402
45964857000321
45964857000240
45964857000160
45963987000188
45896854000136
45866983000181
45857169000109
45832296000145
45818896000159
45814465000114
45803968000194
45754514000170
45748866000385
45748866000202
45748866000113
45721423000139
45710024000172
45708162000117
45655521000115
45556585000169
45501125000133
45406224000136
45388112000108
45380696000167
45380146000148
45379253000156
45332626000133
45329881000127
45312222000188
45288949000177
45243414000180
45225134000149
45224863000180
45224740000140
45216737000184
45216402000166
45079367000180
44961335000141
